0.42
0.24
1.04
0
0.3
2.29
0.15
0
2.3
0
0
9.72
0
0
2.95
0
0.15
2.3
0.12
0
2.29
1.22
5.41
3.89
0.68
8.07
0.34
1.98
0.18
0.99
1.48
0.18
0
2.92
34.19
100.9
88.56
968.93
110.78
30.05
66.61
88.34
46.48
47.53
47.24
38.33
88.36
13.06
45.24
17.05
114.92
311.11
157.44
17.73
248.41
403.3
232
4.43
1003.43
0
492.48
245.43
99.63
600.37
400.23
518.67
854.32
1109.56
136.4
412.43
1.95
113.95
636.2
689.05
3.57
1.56
0
584.93
406.03
7
885.52
869.83
255.44
20.91
0
1828.32
2.3
0
1021.03
3.67
607.32
0.24
4.87
1.74
132.76
845.96
2.88
0
0
1.48
0.47
11.79
3.82
0
0
3.52
0.5
0
18.61
4.8
45.19
3.71
2.48
0
418.5
990.56
364.96
139.1
62.26
602.96
2.06
0.51
83.24
215.72
161.25
16.08
0
87.41
0
306.53
1.36
1.63
2.18
3.66
0
0
0.95
0.39
0.95
1.6
549.48
0
2.83
0
0.27
272.02
3.97
2.47
1.49
0.13
0.15
0
477.48
317.63
0.09
1.79
11.45
0.82
1.87
3.03
0
0
0.95
0
0.31
0.32
0.77
0
0
8.48
0
0
0
0
0.31
0
3.58
0
0.32
1.26
0
1.69
679.17
649.95
0.82
0.39
6.42
231.53
0
4.52
0.82
5.29
102
0
0.22
4.16
0
0.78
3.43
0
0
3.03
0.78
0
2.82
0
0
4.2
0
0
2.16
0.39
0.78
0
0.42
0
0
703.53
1.23
0.82
3.34
1.27
0.78
0
78.27
2.3
0.92
4.94
0.53
0
2.95
0
358.18
4.98
7.5
2.42
4.73
1.2
0
0
3.53
0.72
538.59
6.35
0.53
0
25.34
2.26
0
0
1.49
3.54
0
363.23
1.49
0
0
3.79
0
0
3.7
0
0
472.72
0
0.47
0.65
1.47
0
0
1.98
1.64
4.2
0.82
1.48
0
678.31
0
0.09
2.09
1.64
43.15
11.72
16.11
3.03
0
0
0.95
0
0.08
11.81
14.72
23.27
0
3.06
37.5
177.5
190.54
0.06
11.61
0
0.28
0
0.42
3.06
0
0.79
0.06
0
3.1
0
0.37
3.48
5.27
0
5.43
0
0.15
3.35
0
0
0
1.66
0
0.13
2.11
0.26
0.15
1.03
3.26
0
1.49
11.38
0
0
1.47
15.81
0.15
1.93
0
0
3.83
0.48
0
12.69
13.37
0
11.7
0
0
2.52
0.36
15.8
5.33
0.47
0.8
91.39
180.52
12.2
6.41
0.45
5.14
5.86
0.15
0
1.09
0.15
0.47
0.15
2.93
0
0.15
1.48
0.15
0
3.59
0.54
0.7
1.1
2.33
4.59
0.54
4.48
0.09
3.14
3.34
7.33
1779.34
2342.98
980.36
1885.93
3145.98
1461.1
657.32
0
1.5
2.34
2.66
85.45
450.38
564.34
412.99
493.97
505.7
435.8
1034.45
889.62
754.72
400.91
741.3
0.39
0.31
3.81
1.92
0
8.89
3.53
1.13
2.18
1.46
2.73
3.81
31.78
2.36
1.47
0.95
461.62
0.63
1.44
0
5.14
3.38
0.47
3.57
0
0
3.31
0.47
0
0
1.49
0
0.31
2.43
0.39
3.49
3.79
0
0
0.95
0.65
29.42
0.95
0
1.86
8.9
0
0
2.63
0
0.31
0
169.31
178.53
3.37
0.31
0
0.95
0
0
0.31
3.71
94.57
397.56
0
2.1
69.91
0.82
0.82
2.06
3.73
0
0
1.21
1.87
0
0
2.3
0
0
0
2.83
0
4.47
3.36
0
0
2.3
0
0
3.14
0
0
9.3
0
13.69
5.32
0.82
0.82
0.69
3.76
0
2.6
0
0
1.11
0
0
0
0
0.31
0
0
2.88
0
0.15
0
0
0.15
0
0.15
0.24
0
0.21
0
0.15
0
0
0.15
0
0.15
2.86
4.52
47.99
4.38
0
0.31
0.54
0.06
328.73
0
1.17
0.15
0.15
0
0
3.04
5.1
62.1
6.13
0.39
5.08
0.31
0.15
0
0
0.15
3.31
3.15
0.82
1.47
32.43
9.16
211.86
174.64
335.3
0
0.31
2.03
0.15
4.46
1.67
0.18
0
2.51
0
0
0
0
0.31
0
0.15
0
0
0.15
0
0.15
0
0
0.15
4.97
0.15
1.56
0.71
0.15
0
0
0
0.15
0.15
0
0
0
0.15
0.15
0
11.74
28.16
0.15
5.41
1.2
0
3.29
0.15
0.15
63.44
32.08
103.86
88.36
109.96
45.53
17.25
44
209.74
421.96
164.68
314.38
365.33
16.42
0.47
1.17
0
0.58
0.15
0.34
0
0
0
0.15
0.15
0
0
0
0.15
0.27
0
0
0.47
0.63
0.15
0.39
0.39
0.26
0.46
0.13
0.41
0.13
0.26
0.09
0.11
0.09
0.41
0
0
0.2
5.18
45.11
3.89
2.67
20.7
20
2.95
0
31.63
135.35
126.96
213.42
16.17
7.77
7.74
1.11
7.77
18.15
10.61
205.68
0.72
0
4.26
5.51
78.56
0
0.31
0
0.63
1.05
0
0.86
0.77
3.18
0.24
0
0.13
0.09
1.08
2.52
6.52
0.67
0.47
2.68
0.18
0
0
0.19
38.65
5.95
0
0.15
0.15
0.46
0
0.13
0.15
0.15
0.46
0
0.64
0.7
1.73
66.3
95.03
173.5
104.41
125.84
81.68
93.75
15.75
56.75
69.18
26.79
0.47
0
0.72
0
0
3.03
0.74
0
0
0.72
0
0.24
0
0.05
0.41
12.41
0
0.92
0.06
0.31
0.93
1.23
0
0
0.31
0
0
0
6.67
0.85
0.09
0
0
0
0.31
0
0
0
0
0.31
0
0
0
0
0.31
0
0.13
0.96
0
63.06
0
0
0.63
0
0.15
0
0
0
43.59
41.35
2
0
0
0
0.15
0
0
0
0
0.27
0
0
0.52
1.13
0.15
8.88
0
0
0
0.15
0
0
0
0
0.15
0
0
0
0
0.15
0
0
0
0
0.27
0
0
0
0.65
0.15
0
0
0
0
0.15
27.47
0
0
0
0.15
0
0
0
0
0.15
0
0
0.22
0
0.09
0
0
0
0
0.09
0.11
0.06
0
0.07
0.09
0
0.06
0
0
0.77
0
0.06
0
0
0
1.3
11.81
0.35
2.22
0
0
13.42
12.67
10.38
13.62
1.41
0
0
0
0
0
0
0
0
0
1.92
0.36
0
0
0
0
0
0
0
0
0.74
0.11
0
0
12.85
0
0
9.89
0
0.11
0
0
0
0
0
0
0
0
0
0
15.72
0
0
0
0.18
0
0.21
0
0
0
0.32
0
0
0.2
0
0
0
0
0
0.06
0
0
0
0
0.06
0
0
0
0
0.15
0
0
0
0
0.15
0
0.11
0
0.11
0.15
0
0
0.22
0
4.66
5.61
0
0
0
0.15
0
0
0
0
0.15
0
0
0
0
0.27
0
0
0
0
0
0
0
0
0.24
0.11
0
0
0
0.13
5.9
4.14
0
0
0
0
0
0
0
0
0
0
0
0
0
0
0
0
0
0
0
0
0
0
0.11
0
0
0
0
1.22
1.12
0
0
0
0
0
0.6
9.85
14.58
9.76
13.62
14.62
0.15
0
0
0
0
0.88
0
0
3.01
17.27
13.62
9.51
2.53
9.77
1.23
0.82
170.35
41.26
6.43
0.7
0
1.09
0
0
0
0
0.63
0
0
1.7
0.36
0.63
0.59
0
0
0
0.31
0
0
0
0.18
0.31
0
0
0
6.37
0.31
0
0
0
1.15
0.38
0.11
0
0
0.31
0.31
0
0
0.24
30.17
0.31
0
0
0.06
0.18
0.31
0
0
0.18
0.29
0.31
0
0.4
0
3.19
0
0
0
3
0.24
0
0
0
0.24
0.18
0
0
0
0.96
0
0
0
0
4.33
0.12
0
0
0
2.8
0
0
2816.11
3366.33
2147.45
929.41
1786.99
2762.43
3940.16
544.24
3019.92
2793.66
2009.29
1940.36
1339.7
4172.37
150.98
3674.77
2773.53
4551.82
2691.87
897.26
2962.37
3499.3
1941.74
1691.32
2013.17
0
0
0
0
0
0
1.04
0
5.21
0
0
0
0.46
0
0
0
0
0
0
0
0
0
0
0
0
1.9
0
0
0
0
0.15
0
0
0
0
0.15
0.43
1.07
9.12
0.41
0.06
0
5.12
13.61
32.4
7.57
12.62
13.61
14.6
0.15
0.15
0
0
0
0.18
0.31
0
0
0
0
0.31
0
0
0
0
0.31
0
0.59
0
0
0.31
0.28
0
0.77
0
3.99
0.29
0
0
0
0.31
0
0
0
0
0.31
18.1
9.54
0
0
0.31
0.15
0
0
0
0.31
0.15
0.59
0.53
0
0.15
0.09
0
0.15
0
0.15
0.09
0
0.15
0.93
1.7
0.09
0
0.15
0.59
0.15
0.09
0.53
0.15
0
1.08
0.09
0
0.15
0
0.15
0
0
0.62
0
0.15
0
0
0.15
0
0.15
0
0
0.15
0.75
0.15
0
0
0.31
0
0.15
0
0
0.15
0
0.15
0
0
0.15
1.02
13.29
9.14
65.42
26.8
6.32
7.09
1.99
0
1.06
0
0.15
0.42
0
1.76
0
0.15
0.18
0.18
0.47
0.13
0.15
0
0
0.57
0.31
0.15
0
0.13
0.47
0.31
0.15
0
6.07
0.47
0.63
0.15
0
0.18
1.16
3.41
0.15
0
0.59
0.47
0.31
0.79
0.32
0
0.44
0.31
0.15
0.15
0
0.63
0.31
0.99
2.7
0
10.57
2.51
0.65
0.48
2.6
0.19
2.13
0
2.63
0.11
0
0.32
0
0.31
0
0
0
0.1
376.49
0.06
0
0
0
0.31
2.96
0
0
0
0.15
0
11.72
2.84
0.74
0.15
0
0.42
0.06
1.6
3.04
0
0
1.8
0
1.26
2.88
0
0.95
0
2.62
6.12
0
0
1.47
1.08
0.1
19.63
0
0.65
3.6
0.3
0.13
2.85
0
0.15
3.4
0
7.01
1.76
5.92
0.31
2.23
2.46
0.11
0.15
0
0
0.15
0
2.99
0
0
6.82
0
0.15
2.3
0
0.15
3.67
0.15
0
0.95
0.48
0
3.28
0.06
0
19.47
1.42
0
0.71
2.91
0.31
0
2.3
0
0
1.37
0
0
1.79
0.08
0.31
0
0
0
0
1.13
0
0.11
1.51
0
0.31
0.95
0
0
2.83
0.8
0
0
0.2
0
0.15
0.42
0
0
2.83
0.15
0
0.42
0
0
0.24
0
0
0.09
0
3.54
0
0
3.35
0
0.15
4.64
0
0
2.29
0.15
0
0
1.47
0
0.15
2.96
0
0
2.45
0.15
0
2.3
0.11
0
2.6
0
0
2.3
0
0.15
0
0.09
0
0
0.92
0
0
2.96
0
0.15
3.71
0
0
0
3.1
0
0
2.3
0
0.15
2.29
0
0
0
0.24
0
3.35
0
0
3.79
0
0.32
3.35
0
0
0.95
0.15
0
0
0.42
0
0.15
2.83
0
0
0.95
0.15
0
0
0.48
0
0.15
0.09
0
0
0
0.15
0
0
2.3
0
0.15
0
2.85
0
0
1.1
0
0
0.64
0
0.15
0
0.42
0
0
0.57
0
0
3.49
0
0.15
0
23.66
0.42
0
0.15
4.95
0
0
26.37
0.57
0
1.76
0
0
0.15
11.34
2.98
0
0
2.6
0
0
0
0.55
0.75
0
0.55
0
0
0.73
0
0
2.84
0
0.31
3.23
0
0
3.36
0.9
0.39
2.43
0
0
0.31
0.42
0
0
1.46
0.31
0
0.53
0
0.95
0.31
0
0
0.55
0
0.31
3.51
0
0
3.36
0.31
0
0.55
0
0.39
3.58
0
0
3.43
0
0.15
0
3.12
0
0
3.03
0
0
2.6
0.11
0.15
0
2.82
0
0
1.4
0
0
3.47
0
0.73
3.44
0
0
2.95
0.15
0
0
0.42
0
0.15
1.48
0
0
2.81
0.15
0
0
0.42
0
0.15
0.42
0
0
0.42
0.15
0.39
0.95
0
0
0.15
7.07
0
0
3.27
0.15
0
0.42
0
0.95
0.15
0
0.95
0
0
3.19
0
0
3.12
0
0.15
1.47
0
0
3.39
0.15
0
0
1.85
0
0.15
3.13
0
0
0.95
0.15
0
3.43
0
0
1.1
0
0
0
0.55
0.15
3.15
0
0
6.46
0.15
0
0
0
0
0.15
0
0
0
0
0.15
0
0
31.91
97
0.27
0
0.18
0
0.15
1.07
0
0
0
6.8
14.13
8.76
0.93
2.12
0.06
0.09
0.15
0
0
0.06
2.93
6.79
0
0
0.06
2.03
36.86
7.38
0.5
0.06
0.09
0.15
0.77
0
1.92
2.11
0.15
0
0
0.45
2.06
1.84
709.36
0
0.06
0
0
0
0
0.06
0.11
0
0
0
0.06
0
1.2
0
0
0.06
0
0
0.13
0
0.06
0
0.15
0.15
0
0
0.32
0
0
0
0.62
0.06
0
0
0.36
0
0
0.59
0
0
0
0
0.38
0
0.15
0.63
0
0
0
2.47
0.41
0
2.43
0
0.15
0
0
293.26
0.15
0.15
0
0
0
0
0.15
0
0
0
0
0.15
0
0
92.93
1801.56
1381.01
1916.38
1964.84
871.06
1141.16
1259.11
468.98
2068.05
2469.13
0.86
0.15
0
0
0
0
0.15
0
0
0
0
0.15
0
0.11
0
0
0.27
0
0
0
0
0.09
0
0
0
0
0.15
0
0
0
0
0.06
0
0
0
0
0.15
0
0
0
0
0.15
0
0
0
0
0.15
0
0
0
0
0.15
0
0
0
0
0.15
0
0
0
0
0.15
0
0
0
0
0.15
0
0
0
0
0.15
0
0
0
0
0
0
0
0
0
0
0
0
0
0
0
0
0
0
0
0
0
0
0
0
0
0
0
0
68.21
2524.82
3754.21
4408.25
142.46
678.81
96.55
142.6
368.18
78.77
79.3
94.54
946.21
268.08
1237.55
134.29
175.32
2227.71
2291.24
1238.08
813
1133.28
2875.87
96.18
1159.98
0
0
0
0
0.15
0.46
0
0
0
0.15
0
0
0
0
0.15
0
0
0
53.19
22.02
0
5.04
4.63
3.41
0.15
0
9.09
1.02
0.8
0.15
4.57
0
0
0
67.43
1567.64
2120.25
2550.26
2788.88
468.31
2794.94
0
20.99
2.83
0.15
0
0
0
0
0.75
0
0
0
0
0.15
0
0
0
0
0.15
0
0
0
0
0.7
0
0
0
0
0.15
0
1.08
0.26
0
0.15
0
0
0
0
0.15
0
0
0
0
0.27
0
0
0
0
0.15
0
0
0
0
0.15
0
0
0
0
0.15
0
0
0
0
0.15
0
0
0.06
0
0.15
0
0
0.15
0
0.15
0
0
0.15
0
0.15
0
0
0.15
0
61.74
5.04
1.03
0.47
5.68
0.15
0
0
0.15
0
13.32
0.11
0
0.15
0
0.15
0
0
0.15
0
0.15
0
0
0.15
0
0.15
0
0
0.52
0
0.15
0
0
0.15
0
0.15
0
0
0.15
0
0.15
0
0
0.15
0
0.68
1.94
0
0
0
0.31
0
1.78
5.46
115.58
3.83
21.18
6.33
83.13
2.89
9.88
1.42
0
0.18
0
0.31
0
0
0
0
1.87
1.19
0.41
0
1.07
155.12
26.86
97.92
51.79
25.96
0
232.61
5.3
191.46
29.37
238.4
1077.08
0.15
4.59
165.02
0
0
0.15
3.75
304.27
0
0
0.15
747.07
0.11
341.85
0
0.15
104.82
0.58
3.29
362.65
0.34
0
638.36
0
1087.12
0.48
0.13
251.93
0.13
221.1
91.24
0.11
0
965.6
0
0.15
0
0
740.78
0
329.47
0
0
473.08
32.28
0.15
0.83
0
134.14
5.5
0.31
1257.86
18.75
3.92
0
0
0
0.19
4.51
0
349.26
0
0
3.92
0
0
11.12
20.88
45.03
17.98
7.77
212.78
305.37
53.09
103.49
41.08
115.9
3.63
17.26
0.82
2.14
0
4.4
16.16
0.06
0.06
0
4.05
3.02
0.06
0.06
0
0.24
0
0.06
0.06
0
1.03
0
0.06
0.06
0
0.96
0
0.39
0.06
0
0.24
0
0.45
0.11
0
0.24
0
0.06
0.06
10.23
0.67
0.63
0.24
0.06
0
17.84
0
0.56
0.06
3.13
12.59
0.47
0.06
0.35
0.24
0.48
0
0
0
0
0
0
0
0.4
39.72
13.79
12.21
44.93
2.07
0
0
0
0
0
8.17
13.45
16.06
14.66
5.83
0.39
0
0.65
0
0
0
0
0
0
0.94
0
0
7.32
0
0.26
0.27
0
0
0
0
0
0
0.81
0
0
0
0.39
0
0
0.32
0
0
0
0
1.26
18.4
39.85
21.52
28.76
9.03
0.68
0
0
0.47
0
0.7
0
0
1.59
0.11
0
0.53
0
0.31
1.67
0
0
0
0.18
0
0
0.84
0.69
0.31
0.82
0
0
0
0.18
0.06
0
0
0
0.18
0.15
0.56
0
0
0.18
0.27
0
0
0
0.18
0
0
0
0
0.18
0
0
0
0
0.18
0.13
0
1.9
0.13
0
0
0
0.33
16.93
33.11
5.7
0
0.15
0
0
0.11
0
0.57
0
0
5.41
0
0.22
14.26
16.4
183.64
292.58
301.47
270.2
535.51
85.17
109.92
84.97
638.47
116.35
32.38
84.78
45.04
39.6
16.19
10.69
15.96
10.94
11.17
15.53
9.33
11.39
11.46
10.84
8.54
14.7
31.01
12.29
13.13
12.31
7.69
13.2
13.52
14.98
12.99
4.27
1.23
2.37
0
0.15
3.26
0.09
0.47
3.37
0.15
0
5.02
0.63
0
3.7
0
0
4
0
0.68
1.48
0.32
1.51
1.3
0.73
0.32
3.23
0.47
0.32
3.35
0.32
0.32
2.52
0.13
0
4.14
0
0
3.5
0
0.15
3.03
4.47
2.67
4.28
0.62
4.52
0.47
0
5.58
0.15
1.4
0.95
0
0.47
0.54
6.32
0.22
0
1.71
0.83
0
2.44
0
0
0.15
0.42
0
0
18.53
0.93
3.03
1.43
3.82
21.89
6.37
0.12
2.84
0.12
0
12.38
0.13
0.12
0
0
0.15
0
1.6
0
0
1.61
0
0.53
2.82
0
0.15
0
0
0
0
3.21
0
0.19
3.48
0
0.15
3.79
0
0
0.66
1.64
13.69
6.08
3.56
0
0.27
3.95
0
0
2.29
0.15
54.05
2.97
0
0
3.95
0.22
0
3.14
0
0.15
3.36
0
2.3
3.71
7.02
12.66
17.39
6.26
0
0.28
4.04
0
0.22
3.52
0.33
0
3.57
0
0
4.73
0.11
0
4.69
1.47
0.95
14.16
3.36
0.15
0
1.32
0
0
0.15
4.54
17.04
38.45
0
0.15
3.68
0.15
0
2.85
0.15
0
0.87
11.85
15.26
12.75
14.32
8.6
0
3.37
0.27
0
2.46
0
0
3.99
0
29.23
1.8
0
0.38
14.1
11.03
0.12
0
1.18
0
0.15
6.39
0
0.27
0.24
0.15
26.35
0
0.15
0
0.15
0
0
0.15
0
0.15
0.49
0
0.15
5.71
0.15
0
0
17.02
0
0.15
0
0
0.15
0
0.33
0
0
0.15
0
1.49
0.08
0
0.15
0
0.15
0.32
0
0.15
0
0.15
0
0
0.95
0
0.15
0
0
0
0
0.15
3.47
0.6
0.31
0.97
0.15
0
0
0
0
0.27
0
0
0
21.01
0.15
7.3
0
0
0
0.37
0
0
0
0
0.15
0
0
0
0
7.88
1.55
0
0
0.36
0.15
0
0.22
0
11.17
0.15
0
0
0
0.46
0.15
0
0
0
0
0.15
0
0
0
0
0.15
0
0
0
0
0.15
0
0
0
0
0.15
0
0
0.11
0
0.15
16.81
0
0.32
0
0.15
0
0
0
0
0.15
0
0
0
0
0.15
0.11
0
0
0
0.15
0
0
0
0
0.15
0
0
0.32
0
0.15
1.71
0
0.15
0
0.27
0.44
0
0.15
0
0.15
0
0
0.46
41.8
0.15
0
0
0.15
0
0.15
0
4.98
0.28
0
0.15
0
0
7.94
13.2
5.47
0
0
0.15
0
0.15
0
0
0.15
0
0.88
0
0
0.15
0
8.06
0.69
0
0.48
0
0.15
0
9.68
1.04
0.24
0.15
0
0.22
0.15
0
0.15
0
0
0.15
0
0.15
0
10.22
0.27
0
0.15
0
0
0.15
0.75
0.15
0
0.46
0.15
0
0.15
0
0.17
0.15
0
0.15
0
0
0.15
0
0.15
0.22
0
0.15
0
0.15
2.54
1.47
0.15
0.11
0.15
0
0
0.15
0
0.15
0.27
0
0.37
0
0.15
0
0
0.86
7.98
0.15
0
0.69
0
0
5.14
0
4.88
0
0
0.15
0
0
0
0
0.15
0.11
0.81
5.74
0
0.15
0.47
0
4.98
0
0.15
0
0.26
0.96
0
0.15
0
0
0
0
0.15
0
0
0
0
0.15
0
11.21
0.27
0
0.59
0
0
0
0
0.15
0
0
53.28
0
0.15
0
0
13.02
10.38
10.6
8.64
0.44
0.06
16.83
15.24
13.59
11.39
7.55
0
0.15
11.96
4.17
15.24
19.43
14.57
0.31
0
0
0.84
0
0.31
0.98
0
11.72
4.73
4.04
12.8
10.26
0
9.22
25.41
2.11
0
11.53
15.05
12.98
5.47
7.97
12.14
5.63
4.59
0
0
0
0
0.15
0
0
0
0
0.15
0.78
0.08
0
0
0.15
0
0
0
0
0.54
0
0
0.39
0
0.15
0
0
0
0
0.15
0
0
0
0
0.15
0
0
0
0
0.15
0
0.5
0.47
0
0.15
0
0
0
0.08
0.15
0
0
0.32
0
0.15
0
0
0
0
0.15
0
0
0
0
0.27
4.49
1.49
0
0
0.15
0
0
0
0
0.81
0
0
0
0
0.15
0
0
0
0
0.15
0
0.2
3.1
0.27
0.15
0
0.72
54.7
0
0.54
0
0
0
0
0.95
4.91
15.47
22.69
12.17
11.81
10.67
14.84
3.18
0
0.15
0
0
0
0
0.15
0
0
1.37
0
0.27
0
0
0
0
0.15
0
1.02
0
0
0.15
2.67
7.07
9.23
0.69
0.15
0
0
0
0
0.15
0
0
4.88
0
0.15
0
0.11
0
0.9
0.15
0
0
0.71
1.18
0.15
0
0
0
0
0.41
0
0
0
0
0.09
0.22
0
0
0.69
0.15
0
0
0
0.36
9.2
0
0
0
0
0.06
0
0
0.81
0
14.75
0.29
0
0
1.24
0.15
0
0
0
0
0.72
0
0
0
0
0.15
0
0
0
12.19
26.99
15.15
10.87
12.06
11.53
17.4
1.64
0.23
0
0.12
0.15
0
0
0.79
0.23
0.15
0.4
0
0
0
0
0
0
0
0
0
0.34
0.23
14.31
0
0
0.27
0.65
0
0
0
0
0
2.64
1.48
1.27
0
0.53
0
0
0
0
0
0.94
0
0
0
0
0
0
0
0
15.26
13.53
18.62
17.78
1.23
0
0
0
0
0
0
5.07
0
0
0.06
0.08
0
0
0
0
0
0
0
0
7.89
0
0.95
0
0.58
0
0
0.26
0
0
0
0
0
0
0
0
0
0.11
3.21
0.29
3.09
20.22
15.74
14.12
22.16
0
0
0.06
0
0.39
0
0
0.15
0
0
0.13
0
0.25
1.27
0
0
0
0
0
0
0.34
0
0
0.18
0
0
0
0.39
0
0
0
0
0
0
0
0.26
0.39
0
0
0
0
0
0
0.54
10.55
9.24
0
0
0
0
0
0
7.37
0.31
4.96
1.09
0.08
0
0
0
0
0.47
0
0
0
0
0
0
0
0
0
0
0.27
0
1.22
0
41.22
2.63
0.92
0.18
0
1.18
0
0
0
0
0
0
0
0
0
0
0
0
9.71
14.7
17.32
11.99
0
0
0
0
0.19
0.76
0
0
1.1
0.13
0
0
0
0
0
0
0.67
4.67
0.84
0.39
0
0
15.45
0.15
0.62
0
0
0.39
0
0
0
0
0
0.18
0.32
0
0.61
11.78
0.12
0
0.12
0.11
0.24
0
0.68
0
0
0.4
0
0
0
0
0
0.17
0
0
0.13
0
0.94
0
0
0
0
0
0
1.45
1.54
0
0
0
0
0
0
0
0
0.84
0.5
0
0
0
0
0
0
0
0
0
0
0
0
0
0
0.11
0.83
0
0
1.32
0
0
0
0
0.36
0
0
0
0
0
0
0.11
0
0.83
0
0
0
0
0
0.59
0
0
0
0
0.31
0.46
0
0.18
0
0.31
0
0
0
0
0.31
0
0
0
0
0.31
0
0
0
0
0.31
0
0
0
0
0.31
0
0
0
0
0.31
0.32
0
0
0
0.15
0.15
0
0
0
0.15
0.15
0
0
0
0.15
0.15
0
0
0
0.15
0.15
0
0.94
1.16
0.15
0.15
0
0
0
0.15
0.15
0
0
0
0.15
0.15
0
0
0
0.15
0.15
0
0
0
0.15
0.15
0
0
0
0.15
0.15
0
1.14
0
0.06
0.15
0
0
0
0.06
0.15
0
0
0
0
0.15
0
0
0
0
0.15
0
0.11
0
0
0.15
0
0
0
0
0.15
0.62
0
0
0
0.15
0
0
0
0
0.15
2.58
0
0
0
0.15
0
0.66
0
0
0.15
0
0
0
0.18
0.15
0.47
0
0
0.06
0.15
0
0
0
0.06
0.15
0
0.06
0
0.15
9.72
57.44
0.08
0
0.27
0.15
0
0
0
0.15
0.15
0
0
0
0.15
0.15
0
0
0
0.15
0.15
0
0
0
0.15
0.15
0
0
0
0.15
0.15
0
0
0
0.15
0.15
0
0
0
0
37.92
5.05
0
0
0
0.15
0
0
0
0
0.15
0
0
0
0
0.15
0.32
0
0
0
8.77
0.15
0
0
0
0.11
0.15
0
0
0.39
0.39
0.15
0
0
0
0
0.15
0
0
0
0
0.15
0
0
0
0
0.09
0
0
0
0
0.09
0
0
0
0.06
0.09
0
0.32
0.32
0.06
0
0
0
0
0.15
0
0
0
0
0.15
4.75
15.3
7.11
5.73
0.27
0
0.1
0.54
0
0.27
1.67
0
0
0.46
0.15
0
0
0
0
0.15
0
0
0
0
0.15
0.35
0.35
0
0
0.15
0
0
0
49.09
10.42
0
0
0
0
0.15
0
0
0
0
0.15
0
0
0
0
0.15
0
0
0
0
0.15
0
0
0
0
0.15
0
0
0.11
0
0.15
0
0.11
0
0
0.15
0.32
0
0
0
0.15
0.78
0
0
0
0.15
0.78
13.85
0
0
0.15
0.78
9.47
0
0
0.15
0.46
1.24
0.41
0
0.27
0
0
0
0
0.15
0
0
0
0.11
0.15
0
0
0
0
0.15
0
0.65
0
0
0.15
0.48
0
0.26
0.48
0.15
0
0
0
0
0.15
0
0
0
0.11
0.15
0
0
0
0
0.15
0
0
0
0
0.15
0
0
0
0
0
35.96
6.39
1.53
0.95
0
0
0
0.58
0
0.11
0.69
1.95
0.15
0
0.13
0
0
14.88
0
0
0.42
0
0.24
0
0
0
0
0.15
0.24
0
32.93
0.09
0.15
0
0
0.46
0
0.15
0
0
0.67
0
0.15
11.58
0.06
0.46
0
0.15
0
0
0.27
0
0.15
0
0
0
0
0.65
0
0.96
0
0
0.15
0
0
0
0
0.15
0
0
0
0
0.15
0.72
0
0
0
0.15
0
0
0.29
0
0
0
0.61
0.15
0.42
0
1.3
0
0.15
0
0
0
0
0.15
0
0
0
0
0.15
0
0
0.26
0
0.15
0
0
0
0
0.15
0
0
0.47
0.93
0.15
0
0
0
0
0.15
0
0
0
0.43
0.27
0
0
0
0.09
0.15
0
0
14.27
0.91
0.15
10.88
0.15
0
0
0.77
0.21
0
0
0
15.64
0
0.55
0.11
0
0.15
0.32
5.25
0
0
1.02
0
0
0
0
0.15
0
1.02
0
1.73
11.98
14.94
14.18
3.55
6.07
6.44
13.21
5.46
0
0
0.34
0
0
0
0
0.15
0
0.96
0
0
0.15
0
0
0
0
0.15
0
0
0.13
0
0.54
0
0
0
0
0.15
0
0
0
0
0.15
0
0
0
0
0.15
0
0
0
0
0.15
0
0
0.11
0
1.77
0
0.13
0
0.32
0.15
0
0
0
8.57
0.15
0
6.66
0
0
0.15
0
0
0
0
0.15
0
0
0
0
0.15
0
0
0
0.43
0.81
0
0
0.09
0
0.15
0
0
0.26
0
0.15
0
0
0
0
0.15
0
0
0
0
0.15
0
0
0
0
0.15
0
0
0
0
0.15
0
4.14
1.2
0
0.15
0
0
0
0.53
0.15
0
0
0.4
0.27
0.15
0
0
0
0
0.15
0
0
0
0
0.15
0
0
0
0
0.15
0.39
0
0
0
0.62
0
0
0
0
0.15
0
0
0
0
0.15
0
0
0
0
0.15
0
0
0
0
0.15
0
0
0
0
0.15
0
0
0
0
0.15
0
0
0
0
0.15
0
0
0
0
0.15
0
0
0
0
0.27
0
0
0
0
0.15
0
0
0
0
0.15
0
0
0
0
0.15
0
0
0
0
0.15
0
0
0
0
0.15
0
0
0
0
0.15
0
0
0
0
0.15
0
0
0
0
0.15
0
0
0
0
0.15
0
0
0
0
0.15
0
0
0
0
0.15
0
0
0
0
0.15
0
0
0
0
0.27
0
10.39
12.12
0.92
0.15
0
0
0
0
0.15
0
0
29.2
0.46
0.15
0
0
0
0.12
5.59
0
0
0
0
0.5
0
0
0
0
0.15
0
0
0
0
0.15
0
0
0.23
0
0.38
0
0
0
0
0.15
0
0
0.39
0
0
0
0
0.15
0
0
0
0
0.15
0
0
0
0
0.27
0.87
0
0
0
0.15
0
0
0
0
0.15
1.15
0.82
0.82
0.36
0
0
0.36
0.09
0
0
0
0.15
0.88
0.47
0
0
0.15
0
4.59
0.21
0
0.15
0
0
0
0
0.15
8.01
0
0
0
0.15
0
0
0
23.39
15.07
22.49
16.38
0
0
0.15
0
0
0
0
0.15
0
0.77
0.28
0
0.15
0
0
0
0
0.62
0
0
0.1
40.78
23.58
16.41
16.78
16.4
0
0.65
0
0
0
0.49
0.15
0
0
0
0.26
4.84
0
0
0
0
0.15
0
0
0
0.53
0.15
0
0.36
0
0
0.15
1.07
0.19
0
0
0.15
0
0
0
0
0.15
0
0
0
0.39
0.15
0
0
0
0.24
0.15
0
0
0
0
0.15
0
0
0.13
0
0.06
0
0
0
0
0.06
0
0
0
0
0.06
0
0
0.64
0
0
0
0
0
0
0
0
0
0
0.65
0
0
0
0
0
0
0
0
0
0
0
0
1.2
40.28
20.68
17.92
12.8
0.93
11.89
13.59
19.07
0
0
0.92
0
0
0
0
0.52
0
0.77
0.28
0
0.09
0
0
0
0
0.09
0
0
0
1.1
0.09
0
0
0
0
0.09
0
0
0
0
0.09
0
0
0
0
0.09
0
0
0
0
0.09
0
0
0
0
0
0
0
0
0
0
0.8
12.58
0.15
2.08
2.56
0
0
0
0
0
0
0
0.18
0
0
0.27
0
0
0
0.32
1.25
0
0
0
0
0
0
0
1.23
0.82
0.41
0
0.39
0
0
0
0
0
0
0
0
0
0
0
0
0
0
0
10.32
1.34
0
0.27
4.27
15.97
15.54
16.91
15.34
0
0
0.13
0
0
0
0
0
0
0
0
0
0
0
0
0
0
0
0
0
0
0
0
0
0
0
0
0
0
0
0.28
10.4
0
0.11
0
0.18
0
11.15
0
0
0
0
0.15
0
7.39
0
0
0.27
0
0
0
0
0.68
0
0.48
0
0
0.15
0
0
0.74
0
0.51
0
0
0
0.39
0.15
0
7.87
19.41
16.4
19.55
9.22
0
0
0
0.15
0
0
0
61.23
0.15
2
0.39
6.24
40.2
0.15
0
0
0.73
11.01
5.44
0
0
4.88
0.53
15.29
10.64
8.89
5.87
0.46
6.58
0.6
0
0
0
4.11
0
0
0.21
0
0.15
0
0
0
0
0.15
62.64
12.15
1.25
2.16
3.67
4.48
0.1
51.08
3.64
10.33
0
1.22
7.11
0
0.15
28.73
51.91
8.08
9.9
0.47
4.15
0
0
0
0.27
0
0.17
19.44
0
0.15
0
9.72
16.58
14.28
18.45
19.55
0
0
0
0.15
0
0
0
0
0.15
0
0
0
0
0.15
0
0
0.11
0
0.15
6.51
10.63
0
19.58
1.29
6.65
1.88
0.98
68.2
0.69
14.89
0
0
0
0.15
7.05
8.09
0.53
0
0.15
0
32.32
1.13
14.53
2.63
0
0.69
0
0.6
7.27
12.9
5.63
1.96
0
0.15
21.18
14.43
4.59
6.74
0.41
0
0
0
0
0.15
13.37
0
0
0
0.15
0
0
0.44
0
0.15
0
0
0
0
0.15
0
0
0.39
22.5
0.15
0
5.9
6.15
5.49
0.59
0
0
0
0
5.02
15.53
1.07
6.41
0.93
3.1
0
0.46
0
0.59
0.15
14.1
1.46
0.12
0.11
0.94
0
0
0.77
0
4.7
0.7
1.31
40.2
20.88
14.03
6.9
6.81
0
0
0.15
0
2.49
10.38
0
0.15
0
0
0
0.22
0.15
0
0
0
0
0.15
6.34
0
14.06
0.69
0.15
0.32
0.11
0
0
0.15
7.3
5.13
0
0
0.15
5.76
0.53
0
0
0.15
0
6.67
0
0
0.15
0
0
57.37
6.28
13.52
0
0
0.29
0
14.02
12.23
0
0
0
0.15
0
0
0
0
0.37
8.34
0
0
0
0.15
0
0
0
0
17.06
13.87
12.84
16.44
1.17
0.15
0
0
0
0
0
0
0
0
0
0
0
0
0
0
0.86
1.33
0
0
0
0
0
0
0
0
0
0
0.09
0
0
0
0.6
14.39
0.6
0.92
0
0
0.09
0
0
0
0
0.09
0
0.6
0.32
0.27
0.15
0
0
0
0
0.15
0
0.53
0
0
0.15
0
0
0
0
0.15
0
5.39
0
0
0.15
9.55
0.64
0
0
0.15
0
0
0
0
0.15
0
0
0
0
0.15
0
0
0
0
0.15
0
0
0
0
0.15
0
0
0
0
0.15
0
0
0
0
0.15
0
0
0
0.09
0.15
0
0
0
0
0.15
0
0
0
0
0.15
0
0
0
0
0.15
0
0
0
0
0.09
0
0
0
0
0
0
0
0
0
0
0
0
0
0
0
0
0
0.22
0
0
0
0
18.03
0
0
0
0
0
0
0
0
6.22
0.49
2.48
16.25
1.69
64.7
0.53
0.63
1.25
0.09
0.34
0
0
0
0.13
12.64
0
0.12
0
0
0
0
0
0
0
0
12.25
4.87
0
0
0
0
0
0
0.11
0.18
0.6
0
0
0.15
0
0.18
0
0
0.15
0
0
0
0
0.15
0
4.87
0
0
0.15
1.16
0
0
0.68
0.15
0
0
0
0
0.27
0
0
8.66
4.87
5.12
0
0
0
0
0.15
0
0
0
0
0.15
0
0
0
0
1.13
0
1.07
0
0
0.15
0
0
0
0
0.15
0
0
0
0
0.15
0
0
0
0.1
1.13
0
0
0
0
0.4
0
1.44
0
0
0
0
4.27
0
0
4.29
0.22
0.09
0.32
11.11
0.69
0
0
0
0
0
0
0
0.93
0
12.74
0
0
0
0
0
0
0
0
0
0
0
0
0
0
0
0
0
0.87
0
0
0
0
0
0
9.39
0
0
0
0
0
0
0
0
0
0
4.47
0.11
0.62
0
0
0
0
0
0
0
0
0
0
0
0.21
0.06
0
0
0
0.66
0.15
0
0
0
0
0.15
0
0
0
0
0.15
0
0
0
0
0.15
0.22
0
0
0
0.15
0
0
0
0
0.15
0
0
0
0
0.15
0
0
0
0
0.15
0
0
0
0
0.15
0
0
0
0
22.92
0.43
0
24.35
5.74
6.74
7.07
9.37
44.69
0
0.15
0
0
0
0
0.09
15.25
27.41
18.36
17.95
13.32
0
0
0
0
0
0
0
0
0
1.92
0
0
0
0
0
0
0
0
0
0
0
0
0.6
25.11
14.52
14.77
13.38
15.48
15.52
5.61
3.29
0
0
0.87
0
0
0
0
0
0
0
0
0
0
0
0
0
0.32
47.42
11.84
16.2
13.62
15.54
13.44
17.51
0.15
0
0
0
0
0.15
0.2
1.13
0
0.55
0.15
0
1.31
4.41
23.41
0.35
0
0.38
0
0.88
0.31
0
0.09
0
0.5
0.12
0
0.23
0
0
13.7
0
0
0
0
0
0.12
0
0.11
0
0.12
0
0
0.39
0
0
0
0
0
0
0
0.31
39.6
2.55
0
0
0
0
0
0.26
0.11
0
0
0
0
0
0
0
12.35
0.36
0
0
0.32
0
0
0
0
0
0
3
0.79
25.68
17.64
20.18
9.96
0.44
0
0
0
0
0
0
0
0.15
0.9
0
0
0
7.67
0
0
0
0.83
0.15
0
0
12.78
0
9.41
0
2.37
0.82
0.82
0.36
0
0
0
0.18
0.15
0.22
0
0
0
0.15
0
0
0
0.59
0
0
0
0
0
0
0
0
0
0
0.46
0
0
0
0
0
0
0
0
0
0
0
0
0
0
0
0
0
0.39
0
0
0
0
6.76
0
0
0.77
0.33
4
2.58
0
0
0
0
0
0
4.69
0
0
0.24
0
0
0
0
0.47
0
0
0
0
0
0
0
0.13
0
0.77
0
0
0
0
0
0
0
0
0
0
0
0.27
0
0
32.43
4.19
11.12
12.7
15.53
14.82
15.65
0.27
0
0
0
0
0.15
0
0
0
0
0.26
0
0.82
0
0
0.15
0
0
0
0
0.15
0
0.13
0.42
0.26
0.15
0
0
0
0
0.15
0
0
0
0
0.15
0
0.77
0
0
0.15
0
0
0.97
69.8
0.15
12.31
14.94
13.61
15.02
14.94
15.11
8.87
0.39
0.65
0.09
0
0
0
0
0
0.11
0
0.11
0
0
21.16
0.32
24.3
16.61
20.75
17.38
6.38
7.29
0.59
0
0
0
0
0
0
0
0
0.23
0
0
0
0
0
4.42
0
0
0
0
0
3.74
0.23
0
0
0
0
0.55
0
0
0
0
0
0
0
0
0
0
0
0
0
0
0
0
0.13
0
0
0.06
0
0
0.26
0
0.48
0
0
0
0
0.15
0
0
0.54
11.53
0.15
0
0
0
55.64
0.15
18.82
13.18
5.64
13.18
20.7
0.39
0
0
0
0.52
0
0
0
0
0.15
1.17
0.28
0
0
0.15
0
0
0
0.4
33.06
2.54
11.84
23.22
15.71
0.45
0
5.75
11.26
0
11.11
0
0.12
0.55
0
0.15
0
0.12
0.71
0
0.68
0.18
0
0.53
6.9
0.09
1.36
19.83
9.71
0
0
0
0.32
0
0.19
0
0
0
0.94
0
0
0
0.64
0
0
0
0
0.12
0
1.12
11.53
13.85
1.13
0.59
0
0
0
0
0.24
0.75
0.18
0.79
0
3.53
12.54
0
0
0
0
0
0
0
0
0
0
0
0.22
0.08
0
1.09
0
0.77
0.68
0.27
0
0
0
10.16
0
0
0
11.82
0.8
0
0
11.7
16.5
10.51
0
0
0
0.15
0
0
8.43
0
9.9
0.6
0.24
0
0.26
0.47
0
0
0
0
0.15
0
7.17
9.37
0
0.15
0
0.69
9.21
2.53
15.2
1.27
0
12.88
13.71
14.2
0
0
0
0
0.15
0
0
0
0
0.15
0
0.62
0
0
0.15
0.69
0
0
4.3
0.15
0
0
0
0
0.75
0
0
0
1.4
0.15
0
0
0
0
0
0
0
0
0
0
0
0
0
0
0
0.84
0
0
0
0
0
0
0
0
0
0
0
0
0.39
0
0
0
0.22
0
0
9.69
0
0
0
0
0
0
4.59
0
0
0
0
0
0
0.82
0.82
0.82
0
0.93
0
0
0
0
0
0
0
0
1.15
9.58
3.11
0
0
0
0
0
0
0.32
0
0
0
0
0.15
0.12
0
4.27
0
0.15
0
11.47
1.71
0
4.38
19.34
18.72
0.88
0
0.15
0.51
0
0
0
0.15
0
0
0.12
0
0.15
0.06
14.12
77.37
0
0.15
0
0
4.97
0
0.15
0
1.29
0
0
0.15
0
0.26
0
0
0.55
0
0
0
0
0.77
0
0
0
0
0.09
0
0
0
4.27
0
0
0
4.9
0
0.22
0
0
0
0
0
0.44
4.3
0
0
0
1.54
2.81
4.72
9.86
8.9
12.19
10.46
0
0.38
17.15
12.63
13.55
1.17
8.09
12.71
13.12
5.4
0
0
0
0
0
0
0.22
0
0
1.04
8.81
0
18.1
14.58
0
0
0
0.59
0.53
0.35
0
0
0
1.56
1.96
12.2
23.65
1.9
0.15
0
0
0
0
0.15
0
0
0
0
0.15
3.48
9.72
1.34
0
0.15
0
6.95
0.48
0
0.48
0
0
0.32
0
0.15
0
0
0
0
0.15
0
0
0
0
0.15
0.31
5.95
0
0
0.15
0.11
0
0
0
0.47
0
0
0
0
0
0
0
0
0.26
0
0
0
0
0
0
5.92
0.21
0
0
0
0
0
0
0
0.26
0
0.41
0
0
0
0
0
0
5.16
6.03
15.82
12.51
12.16
12.7
6.21
0
0
0
0
0.18
0.65
0
0
0
1.07
0
0
0
0
0
0
0
0
0
0
0
0
0
0.35
0.26
0
0.93
6.47
2.02
0.28
16.05
0.46
0.12
0.58
0.53
8.69
0.09
0
0
0
0.15
3.77
0
0
0
0.15
0
0
0
0.72
0.82
0.82
0.95
0
0.18
1.16
0
0.39
0.36
0
0.45
0
0
0.72
0
0
0.72
0
0
0.72
0.29
0
1.02
0
0
0
0.48
5.01
0.12
0.36
0
0.29
0.36
0
0
0
0
0.36
0
0
0.72
0
0.36
0.36
0
0.36
0
0
0
0
0
0
0
0
0
0
1.04
0
0
0.72
0
0
0.72
0
0
0.36
1.06
0
0
0.36
0
0.36
0
0.36
0.67
0
0.36
0.72
0
0.36
0.72
0
0
0.36
0
0.32
0.29
0
0
0
0
0
0
0
0.62
0
0
0
0
0
0
0
0
0
0
0
0
0
0.11
0.36
0
1.3
19.4
1.35
0.36
0
0
0
0
0
0
0
5.86
0
0.63
0.36
0
0
0
0
0.36
0
0
0.36
0
0
0.36
0
0
0.66
0
0.29
0.49
0
0.29
0.36
0.36
0
0.36
0.36
0.36
0
0
0.72
0.11
0
1.09
0
0
1.32
0
1.79
0.36
723.82
679.85
821.91
302.99
0
0
0
0.21
0
0
0
0
0
0
0
0.83
0.53
0
0
0
0.09
0
0
0
0
0
0
0
0
0
0.62
0
21.21
0.84
0.12
0
0
6.04
0
0
0
0
0
0
0
0
4.38
0
0
5.17
10.17
0
0
0
0
0
0
0.46
0.39
0.22
0
0
0.09
0.09
0.06
0
0
0
0
0
0
0
0
0
0.44
0
0
0
0
0
0
0.6
0.1
0.48
8.68
0.46
0
0
0.22
0
0
0
0
